0007
0011
0014
0016
0018
0022
0039
0043
0054
0072
0076
0085
0097
0101
0107
0110
0120
0121
0133
0135
0144
0145
0148
0150
0153
0164
0176
0191
0192
0195
0205
0220
0223
0224
0241
0250
0252
0267
0288
0292
0294
0301
0302
0319
0367
0370
0375
0400
0410
0434
0443
0449
0487
0492
0493
0518
0534
0536
0539
0566
0576
0583
0587
0595
0597
0599
0614
0622
0631
0637
0649
0664
0670
0674
0677
0681
0683
0687
0704
0722
0723
0730
0750
0752
0770
0777
0793
0819
0827
0830
0842
0858
0868
0880
0891
0894
0899
0906
0909
0911
0934
0940
0950
0951
0954
0960
0967
0974
0975
0993
0995
1021
1024
1034
1100
1111
1113
1114
1117
1121
1129
1131
1140
1141
1168
1207
1225
1238
1246
1250
1257
1271
1288
1294
1325
1347
1348
1349
1357
1361
1367
1375
1380
1391
1393
1395
1399
1405
1410
1464
1470
1480
1490
1491
1497
1518
1521
1523
1527
1542
1559
1566
1575
1584
1594
1598
1600
1622
1625
1639
1650
1656
1683
1691
1717
1722
1723
1729
1732
1756
1769
1772
1786
1803
1831
1837
1853
1873
1880
1883
1888
1892
1916
1921
1930
1940
1961
1965
1970
1998
2001
2009
2012
2025
2050
2059
2064
2068
2071
2088
2092
2115
2128
2135
2136
2145
2161
2176
2193
2201
2219
2231
2236
2245
2253
2259
2267
2277
2278
2281
2283
2286
2311
2321
2352
2357
2361
2371
2396
2397
2412
2414
2429
2430
2450
2469
2508
2522
2531
2532
2548
2556
2557
2575
2588
2601
2605
2613
2615
2624
2642
2647
2649
2650
2659
2661
2677
2702
2741
2742
2750
2778
2779
2781
2783
2785
2801
2808
2812
2831
2843
2856
2863
2901
2905
2907
2913
2916
2917
2928
2931
2935
2938
2949
2971
2980
2988
2992
2995
3000
3005
3016
3031
3034
3046
3078
3079
3082
3089
3100
3114
3134
3137
3146
3149
3178
3180
3191
3192
3199
3216
3217
3222
3223
3225
3238
3248
3261
3280
3283
3287
3293
3305
3306
3315
3322
3342
3347
3362
3373
3374
3399
3413
3425
3431
3463
3478
3488
3510
3513
3524
3525
3532
3533
3538
3539
3549
3550
3551
3554
3556
3557
3565
3566
3570
3576
3583
3593
3607
3621
3631
3643
3653
3673
3676
3693
3694
3701
3704
3706
3708
3713
3756
3758
3771
3807
3818
3831
3843
3849
3850
3866
3874
3882
3888
3893
3901
3922
3959
3977
3985
3995
3996
3997
4000
4004
4018
4033
4054
4073
4074
4076
4086
4105
4119
4131
4137
4142
4153
4164
4174
4183
4190
4200
4207
4237
4265
4272
4277
4303
4350
4360
4373
4385
4386
4391
4400
4402
4410
4414
4431
4438
4446
4458
4477
4481
4485
4508
4510
4520
4524
4532
4550
4562
4568
4570
4580
4587
4628
4643
4654
4657
4665
4668
4670
4673
4682
4709
4718
4721
4722
4728
4754
4768
4769
4792
4796
4814
4829
4838
4846
4856
4859
4871
4892
4899
4900
4902
4903
4922
4923
4966
4967
4988
4991
4995
4997
5007
5009
5025
