13.93
30.26
40.69
17.79
18.04
15.20
14.66
8.06
14.55
7.89
12.45
13.03
16.29
31.57
21.21
17.86
10.92
8.72
9.39
19.11
7.98
18.94
11.29
17.13
11.22
17.14
13.40
5.60
9.74
15.03
16.33
14.54
20.04
12.08
8.09
18.85
11.33
22.35
27.91
11.51
11.35
19.74
11.19
12.92
13.84
14.92
14.94
69.11
17.10
15.90
9.97
12.67
19.85
16.53
16.27
16.58
22.35
22.46
8.68
18.27
23.23
31.51
24.86
28.49
24.30
15.38
25.32
11.32
15.69
58.63
15.30
9.34
7.30
26.94
16.12
23.19
10.60
12.48
14.30
5.19
11.68
24.74
18.48
35.94
15.56
14.04
15.53
13.93
13.05
69.74
17.62
37.14
20.02
11.57
7.35
18.87
14.79
15.66
21.27
14.85
39.34
13.60
17.84
12.51
66.62
18.15
12.56
15.14
34.28
18.52
22.12
11.45
10.69
15.93
11.85
12.74
11.74
14.75
20.22
18.81
13.57
17.81
15.41
7.82
14.96
12.16
26.52
8.88
8.42
13.78
35.26
13.64
14.11
11.87
18.82
12.32
9.54
13.29
22.21
31.90
19.57
9.94
18.42
23.68
16.98
12.37
34.91
16.32
19.49
37.45
14.91
31.17
13.72
21.26
23.50
28.44
8.05
21.42
16.30
21.18
10.71
11.88
22.22
8.91
12.37
23.92
16.32
12.39
56.92
6.36
11.65
16.51
14.39
25.57
10.22
19.19
16.15
62.35
39.44
4.83
11.79
33.36
16.16
7.62
26.33
7.11
14.61
82.72
8.89
13.71
40.83
11.59
21.78
18.03
9.98
12.89
19.58
32.19
13.50
13.72
16.40
19.87
19.50
8.27
23.43
14.30
17.77
15.29
11.56
9.56
11.17
27.53
53.33
59.49
20.67
17.75
28.51
21.99
8.57
6.99
38.01
23.93
15.21
11.56
16.79
11.93
9.57
24.28
58.01
11.01
27.35
33.80
40.64
19.99
12.22
25.51
13.87
12.67
10.62
74.99
17.07
35.25
23.58
39.35
49.49
10.44
9.24
12.13
25.87
19.36
18.50
10.10
11.10
15.88
28.48
15.28
8.18
15.88
11.26
28.85
13.36
29.61
12.71
9.89
54.12
8.22
18.72
28.42
15.56
65.45
13.65
9.58
36.16
12.66
20.49
24.14
13.61
26.72
12.24
18.61
16.50
18.84
21.51
41.29
21.38
9.95
5.62
9.16
14.69
19.51
20.73
20.95
15.92
10.11
7.80
8.11
9.22
20.54
8.75
9.01
17.75
15.95
8.51
6.50
13.85
28.60
15.65
11.49
16.53
32.72
18.20
13.94
13.99
14.03
9.54
11.90
15.44
36.63
50.46
13.73
23.50
11.12
15.01
56.63
20.82
12.29
8.46
12.86
13.33
16.53
16.73
14.11
17.25
61.46
29.82
12.23
20.67
68.97
11.21
17.46
81.76
11.94
6.31
11.88
17.39
25.00
22.55
16.87
16.02
10.69
23.96
14.46
14.61
20.11
10.61
18.73
8.41
48.57
14.53
15.36
24.82
53.47
11.65
20.22
26.82
10.30
31.33
22.47
12.31
29.03
18.60
23.68
25.36
25.35
11.64
14.97
11.11
45.37
20.11
18.57
14.88
8.40
18.16
13.02
18.45
13.14
28.82
18.52
13.03
23.78
10.55
15.56
34.32
14.71
18.88
38.62
10.22
14.17
12.00
38.92
16.46
21.31
16.31
10.45
31.15
8.06
57.02
16.19
20.23
47.53
11.34
14.94
14.62
39.12
10.04
6.23
35.37
30.75
41.68
55.57
34.79
60.28
18.79
23.58
13.91
15.36
10.09
11.38
13.95
24.44
18.25
15.72
43.13
18.42
15.93
12.21
10.10
14.45
12.69
16.36
18.19
17.24
12.63
24.91
13.65
43.38
18.11
9.95
39.70
16.90
13.24
6.88
9.89
20.29
25.26
16.29
60.28
18.81
16.02
8.91
38.74
12.53
65.72
6.86
11.63
14.72
46.18
20.87
25.78
8.29
14.19
10.49
16.40
67.42
22.94
13.34
13.70
32.53
7.84
16.32
13.69
23.42
13.00
16.29
19.02
19.50
12.40
21.19
20.81
12.39
8.23
13.91
18.53
23.15
83.21
16.62
8.57
12.93
17.33
18.59
