119.17
145.91
165.67
170.75
143.14
194.84
203.41
143.14
37.27
205.71
174.88
136.56
99.38
136.66
167.19
136.72
54.17
102.31
157.44
106.23
134.04
159.73
122.50
58.79
201.09
125.09
55.77
113.09
152.04
143.38
48.69
112.81
134.53
76.84
153.37
119.16
141.50
161.71
49.50
133.02
217.26
132.99
85.86
149.60
121.40
117.50
176.82
73.14
156.40
66.55
101.36
115.01
156.02
173.87
155.23
47.64
141.23
111.60
56.21
146.57
109.42
129.89
136.80
185.31
160.67
96.35
105.43
160.04
131.01
169.52
46.00
138.88
78.82
180.71
126.82
184.35
141.00
109.20
160.28
182.32
136.29
32.55
120.22
144.53
176.47
196.74
98.41
118.08
53.85
147.85
183.34
161.25
161.24
99.76
131.84
204.03
51.21
148.93
88.83
205.11
30.42
152.63
141.29
176.80
143.55
33.24
100.80
152.78
76.83
161.10
201.59
135.23
180.14
135.68
127.61
85.40
160.19
166.22
134.92
47.72
130.35
152.94
182.06
103.21
32.68
138.69
140.49
111.94
150.15
72.56
159.15
158.04
137.90
143.12
113.02
40.94
145.24
140.06
54.14
127.76
76.80
162.62
155.33
218.74
102.19
157.93
48.78
147.78
151.82
149.21
245.50
61.88
124.04
148.96
144.34
159.32
56.21
188.52
174.34
118.74
198.58
175.71
125.06
113.90
113.33
232.46
42.63
168.68
97.75
123.04
153.02
133.94
152.07
154.20
110.00
135.63
21.80
124.81
164.90
121.29
128.25
140.64
204.51
50.35
100.08
176.50
156.98
117.27
155.64
194.82
108.76
67.76
90.29
117.12
158.00
175.39
159.18
166.50
55.45
115.19
78.32
157.71
130.93
160.76
159.06
69.38
130.03
157.13
164.91
118.20
217.85
134.47
123.43
171.05
85.17
175.57
189.12
88.79
181.87
127.29
219.20
162.91
61.04
176.81
125.55
142.82
58.77
129.01
160.59
147.71
60.41
127.42
158.53
176.99
150.39
91.35
258.44
142.27
60.76
200.61
86.69
121.08
170.00
126.37
143.44
211.70
173.03
165.20
147.83
126.63
164.89
115.94
137.19
63.72
178.02
110.79
136.74
156.56
155.29
116.92
162.02
154.68
125.70
61.16
27.07
161.13
151.76
119.35
185.19
45.31
186.28
167.80
124.35
29.43
166.28
113.88
62.91
324.14
166.23
166.28
188.25
75.69
168.14
181.53
173.42
140.83
174.59
170.87
128.52
136.12
143.06
88.32
67.22
103.25
238.31
152.48
172.07
108.65
113.54
136.49
120.92
24.83
186.50
151.94
171.84
129.61
84.38
130.00
151.37
156.64
110.27
131.67
230.31
35.81
100.04
170.28
155.70
132.87
177.88
131.40
165.94
88.83
128.01
146.60
178.36
140.29
117.99
60.94
136.41
131.63
213.52
102.91
233.42
180.22
162.66
116.57
82.14
184.40
229.31
110.69
84.91
130.20
136.15
193.26
163.92
59.61
124.62
175.14
78.44
49.04
122.21
148.22
142.61
113.60
207.91
116.87
112.69
153.97
48.88
137.36
77.73
189.29
112.56
200.12
59.07
123.27
150.31
164.52
95.30
133.03
156.09
152.11
153.44
171.24
138.88
88.62
205.99
117.11
126.00
229.81
168.73
58.12
101.52
145.51
143.88
132.44
65.53
158.67
135.92
177.78
45.98
133.32
179.57
161.10
130.59
60.06
176.48
170.13
90.57
159.51
134.10
174.18
109.51
127.08
149.37
153.56
47.30
169.48
115.85
133.26
167.34
193.67
186.87
147.72
144.06
143.61
194.75
176.92
92.22
176.50
150.63
140.97
191.69
171.92
146.15
152.94
50.94
160.05
127.36
40.25
168.96
227.95
30.82
189.10
117.66
122.66
169.94
158.46
175.73
170.09
104.03
125.36
149.63
152.29
72.94
131.00
145.65
182.30
86.27
140.66
162.91
127.17
127.25
157.49
42.72
134.01
135.54
136.51
254.77
157.53
157.13
113.20
112.28
80.01
129.92
143.73
79.22
159.62
201.48
145.28
107.81
178.07
149.45
149.43
95.39
122.75
83.88
160.00
141.59
127.13
166.42
146.77
203.81
50.51
172.20
138.43
162.55
94.94
152.96
192.19
156.88
150.38
146.97
165.71
150.74
128.51
166.35
181.72
230.74
200.51
