0.000168
0.00029
0.000397
0.000487
0.000571
0.000634
0.000681
0.000747
0.000823
0.000888
0.000945
0.000987
0.001026
0.001139
0.001187
0.001261
0.001319
0.001395
0.001424
0.001471
0.001534
0.001602
0.001613
0.001701
0.001668
0.001781
0.001821
0.001884
0.001949
0.001988
0.002049
0.002086
0.002147
0.002182
0.002238
0.002287
0.002337
0.002383
0.002413
0.002471
0.002515
0.002548
0.002618
0.002639
0.002657
0.002692
0.002731
0.002755
0.002785
0.002863
0.002861
0.002863
0.002895
0.002675
0.002973
0.003001
0.003037
0.003048
0.003077
0.003074
0.003089
0.003138
0.003138
0.003165
0.003157
0.003178
0.003205
0.003206
0.003244
0.003233
0.003276
0.003386
0.003413
0.003314
0.003548
0.003332
0.003327
0.003587
0.003454
0.003485
0.00353
0.003613
0.003508
0.00357
0.003539
0.003573
0.003568
0.003653
0.003592
0.003598
0.003597
0.003701
0.003655
0.003713
0.003691
0.00369
0.00368
0.003749
0.003675
0.003698
0.003705
0.003748
0.003721
0.003835
0.003728
0.00376
0.003744
0.003765
0.003854
0.003811
0.003801
0.003812
0.003812
0.003913
0.003828
0.00382
0.003832
0.003857
0.003856
0.003854
0.003888
0.00389
0.003903
0.003878
0.003891
0.003876
0.003885
0.003891
0.003876
0.003912
0.003892
0.003906
0.003915
0.003916
0.003936
0.003908
0.003901
0.003941
0.003966
0.003985
0.003982
0.003971
0.003991
0.003981
0.003938
0.003977
0.004043
0.004425
0.00403
0.004057
0.004011
0.004028
0.004048
0.00407
0.004054
0.004062
0.004178
0.004085
0.004076
0.004142
0.004049
0.004065
0.004066
0.004181
0.0041
0.004093
0.004106
0.004075
0.004088
0.004156
0.004103
0.004118
0.004174
0.004161
0.004122
0.004221
0.004135
0.004154
0.00422
0.004138
0.004149
0.004214
0.004158
0.00404
0.004225
0.004203
0.004192
0.004245
0.004204
0.004216
0.004265
0.00418
0.004199
0.004294
0.004233
0.004227
0.004264
0.004245
0.004257
0.004312
0.004258
0.004384
0.004226
0.004248
0.004253
0.004271
0.004417
0.004404
0.004279
0.004305
0.00456
0.004448
0.004438
0.004461
0.00431
0.004394
0.004439
0.00442
0.004515
0.004465
0.004516
0.004307
0.004454
0.004508
0.004457
0.004594
0.004486
0.004432
0.004462
0.004476
0.004531
0.004479
0.004579
0.004474
0.004518
0.004597
0.004514
0.004585
0.004519
0.004529
0.004763
0.004517
0.004563
0.004505
0.004672
0.004534
0.004552
0.004594
0.004522
0.00462
0.004553
0.004554
0.00453
0.004431
0.004582
0.004587
0.00454
0.004573
0.0046
0.004583
0.004638
0.004596
0.004642
0.004507
0.004684
0.004567
0.004571
0.004559
0.004567
0.004613
0.004583
0.004693
0.004507
0.004728
0.004526
0.004712
0.004514
0.004571
0.004588
0.0045
0.004615
0.004513
0.004718
0.004639
0.004729
0.004574
0.004725
0.00453
0.00465
0.004561
0.004592
0.004668
0.004636
0.004744
0.004596
0.004645
0.00458
0.004532
0.004706
0.004684
0.004704
0.004584
0.004677
0.004629
0.004593
0.004722
0.004631
0.004823
0.004645
0.00468
0.004616
0.00459
0.004714
0.004611
0.004758
0.004629
0.004687
0.004629
0.004683
0.004744
0.004655
0.004772
0.004644
0.004711
0.004663
0.004714
0.00472
0.004669
0.004695
0.004644
0.004591
0.004748
0.004636
0.00477
0.004648
0.004741
0.004687
0.004651
0.004776
0.004665
0.004744
0.004695
0.004612
0.004738
0.004651
0.004651
0.004753
0.004689
0.004624
0.004759
0.004677
0.004614
0.004796
0.004792
0.00466
0.004812
0.004784
0.004685
0.004796
0.004751
0.004716
0.004908
0.004877
0.004776
0.004721
0.004843
0.004884
0.004786
0.004719
0.004802
0.004858
0.004793
0.004734
0.004823
0.004876
0.004791
0.004707
0.004836
0.004912
0.00482
0.004755
0.004841
0.004922
0.004836
0.004788
0.004871
0.004909
0.004797
0.004765
0.004876
0.004935
0.00485
0.004805
0.004911
0.004962
0.004896
0.004828
0.004917
0.004981
0.004895
0.004848
0.004992
0.005008
0.004888
0.004884
0.004961
0.005058
0.004924
0.004925
0.005007
0.005032
0.004932
0.004918
0.004995
0.00505
0.00492
0.004893
0.005013
0.005081
0.004965
0.004895
0.004982
0.005063
0.004949
0.004875
0.004981
0.005037
0.00498
0.004931
0.005021
0.005083
0.004976
0.004906
0.005055
0.005116
0.004991
0.005004
0.005033
0.005044
0.004991
0.004978
0.005053
0.005111
0.005003
0.004978
0.005046
0.005124
0.00504
0.00503
0.005095
0.005125
0.005021
0.004966
0.005132
0.005138
0.005167
0.005054
0.005051
0.005129
0.005144
0.005148
0.005166
0.005091
0.005075
0.005137
0.005178
0.005171
0.005155
0.005079
0.005048
0.005245
0.005133
0.005158
0.005164
0.005198
0.005206
0.005208
0.005247
0.005213
0.005119
0.005137
0.005093
0.00508
0.005079
0.005148
0.005197
0.005222
0.005205
0.005261
0.005263
0.005222
0.005226
0.005266
0.005217
0.005216
0.005118
0.005134
0.005109
0.005095
0.005104
