43.293207
43.831287
49.606911
48.58094
47.305643
47.204853
33.516729
42.807051
41.92701
38.981386
47.343139
35.572557
38.038921
45.21369
47.823786
51.472096
41.780484
42.442952
44.845159
43.179387
50.051944
43.348952
41.686759
51.369032
29.732798
42.40193
43.294025
50.353672
38.042577
40.248164
43.68952
40.863935
43.009134
40.34255
50.930665
45.830913
39.480069
40.963918
52.521457
48.701579
37.381977
45.230771
46.05256
45.913609
37.648516
53.530064
40.485565
39.712558
53.106618
38.737128
64.145917
43.14301
47.922781
47.735072
41.439907
55.518941
46.333939
33.925029
46.228403
51.082805
44.733368
36.895226
42.55488
46.743678
45.531541
46.006229
63.107039
41.214226
47.322796
54.761564
43.09947
40.075689
47.528265
38.337761
40.387298
30.837489
32.973815
46.511947
37.192946
40.18095
40.258584
38.936208
37.125404
49.766356
44.980841
44.575325
40.073164
47.564493
48.50979
43.03526
45.84938
40.777097
49.203435
41.089348
37.598169
52.35765
46.58327
44.804185
44.379631
50.4863
40.997822
37.295083
44.976897
59.624416
50.683976
50.666311
31.930429
43.499996
46.7166
48.914532
47.372307
32.805273
46.858178
59.46522
42.42008
46.820941
43.692748
53.173436
44.720316
41.954312
48.791384
43.733719
51.859314
31.703733
39.311581
44.523288
38.427241
46.182935
46.391647
48.010185
42.994688
40.598543
48.628687
46.375403
42.94715
44.201119
48.938645
46.373565
41.957247
41.599425
36.998278
37.328185
43.243223
36.189088
41.19437
44.294926
42.543133
38.14396
47.190895
38.605723
45.317847
40.248739
41.19093
43.947969
45.635629
45.94476
37.42011
47.391974
42.907414
42.607014
49.559737
38.999313
51.661365
43.374908
49.497538
43.749091
45.074382
44.819462
51.647183
51.853536
40.845001
37.542962
44.570731
42.643766
49.575495
41.267564
46.949573
39.984821
39.61949
42.807913
39.914012
45.791531
41.763742
45.968597
29.401642
44.112671
39.243091
52.856625
40.283918
49.051444
47.200239
44.799518
38.658161
49.476838
47.731934
39.618819
39.660868
41.183883
36.4988
39.912983
40.365209
45.96201
43.582766
38.481508
46.435525
42.668761
45.414529
51.758254
38.002065
62.301087
51.693076
43.877423
47.968067
51.335576
49.268985
36.480742
43.818545
41.140666
46.948654
41.543347
44.777679
40.812742
42.590441
40.608312
39.322029
46.969164
49.240844
51.980237
48.629734
39.863801
47.660882
38.976141
43.755356
41.164966
40.774809
52.678344
44.42966
53.857454
45.913238
41.125307
47.73079
46.334462
42.060435
39.855397
37.187471
44.456576
41.396471
47.998677
39.348046
44.116562
42.00156
55.27561
47.204148
46.214825
61.797233
45.070223
43.686007
47.281262
42.807651
49.219656
40.0856
49.38293
46.677778
43.094847
36.179785
42.089728
41.848631
38.354597
42.483954
48.73478
35.807283
49.181634
41.332875
34.687789
55.222943
40.124368
46.819531
39.435767
38.432261
52.69693
50.720535
47.989742
35.242957
33.073909
36.317881
50.263781
49.744137
42.381653
55.521975
48.647372
51.381681
47.627321
38.99593
40.060675
48.661093
48.654588
47.588985
40.86591
42.059119
39.661412
41.249318
43.660546
47.592067
52.504086
40.677047
54.265687
45.18236
46.663698
42.01401
41.326929
42.170891
47.410592
51.774322
45.302951
42.18915
43.16559
46.871858
56.965212
38.09633
28.18145
39.361673
37.922621
36.636526
41.617965
40.795533
41.129106
40.706325
40.170492
60.660253
42.2672
44.542847
52.238121
41.772398
38.554992
43.150128
45.468584
51.829019
42.763127
55.022041
49.442305
40.114962
42.204083
49.005813
46.218442
46.848669
42.636198
42.552099
43.492921
45.216977
40.740491
44.870221
40.450714
47.376854
52.764419
40.785254
41.627759
37.322262
46.842224
41.924542
46.176573
48.752528
34.524411
48.213733
50.775934
42.863548
47.733253
51.42586
53.244922
43.551296
43.225515
43.642984
45.271148
41.28111
44.711306
45.484018
43.856297
43.131478
47.488833
44.653397
50.848927
69.996935
36.555703
43.913094
48.076377
38.984926
41.858933
55.009724
39.450559
53.703265
41.029041
46.246983
45.985552
46.219096
42.417428
44.285922
39.907633
44.771298
52.136686
60.756862
42.822829
46.268214
49.898477
46.236335
41.555542
42.032604
46.230645
41.592542
46.640351
47.204127
35.783305
44.45231
48.775523
55.259663
45.590042
44.306128
39.966158
43.026021
32.191275
41.143668
45.780896
41.571046
42.73418
47.873815
42.734072
46.231957
41.445364
50.166018
44.922115
39.17464
47.340395
46.166583
43.039086
40.508045
48.862703
43.249588
46.847567
57.429301
53.889704
44.49859
41.884285
38.598692
43.688555
45.978126
39.563345
42.790596
43.025291
37.941627
42.618759
48.472869
39.688656
42.55733
47.214255
36.950785
40.614154
40.330096
45.505584
44.587377
48.471533
41.703761
48.805934
42.948695
54.163089
41.684509
45.468698
41.285991
35.301031
35.975136
41.210554
44.019207
31.8731
35.821036
43.104245
40.421839
41.877959
45.924591
34.998227
45.308325
45.408051
52.57871
41.932007
43.700487
50.06686
51.926862
46.860275
50.292978
35.395058
37.307724
37.60208
32.61125
39.353598
55.700782
33.496916
41.944997
39.482581
43.058932
43.207046
38.285766
48.803178
33.63406
42.59176
