27.249529
30.714907
30.48063
27.166189
27.644349
30.407134
27.222012
27.483511
27.110688
27.426747
30.219135
27.686234
27.32424
27.25526
27.553701
27.635803
27.284977
27.230006
27.572268
27.62614
27.16744
27.304621
27.101814
27.151078
27.121516
27.935222
27.383424
30.405503
27.212599
27.293349
27.440969
27.494489
27.15567
27.988408
40.734783
28.173458
27.524635
28.168543
30.846446
30.910414
27.114776
30.493939
27.165853
28.578272
27.450751
27.379268
26.870198
27.244277
27.390354
27.283338
31.155041
27.363467
27.196342
28.044388
27.392763
30.307668
27.087778
27.59911
30.187103
30.470289
27.057303
27.275682
27.501245
30.451828
27.18586
30.130302
30.479606
27.446401
27.259691
27.889041
27.317155
27.995586
27.367128
27.391353
27.13042
28.530753
27.284947
27.212084
27.253799
27.486231
27.303931
27.178157
27.37423
27.264648
27.100892
27.447447
27.41786
27.100212
27.94293
26.998436
28.00613
27.601861
30.66732
27.478906
27.060586
30.178187
27.210738
27.598929
27.207063
30.547596
27.373653
27.050248
27.44016
28.257091
31.021893
30.320991
27.134454
27.260936
30.258191
29.919827
28.002395
27.372385
27.211004
31.030729
27.418408
30.031055
27.031978
30.062743
27.064439
30.67517
30.188541
27.392755
27.225065
27.402344
27.433537
30.455354
27.375043
27.21119
27.686465
30.506857
27.225989
27.40512
27.495822
30.132607
27.475963
28.116157
27.608414
27.114645
27.288371
27.514477
27.049241
27.341538
26.900511
27.275362
27.83211
27.199946
27.124122
26.878529
27.549514
27.055355
27.596972
27.16172
27.159364
26.948212
30.262663
27.277414
27.149332
27.589209
27.398826
27.358913
30.107887
27.183451
27.43786
27.02637
27.153285
27.463546
27.446279
27.642367
27.052153
27.387447
27.267494
27.440015
30.24094
26.998001
29.90638
27.476696
28.145025
27.396721
27.138952
27.063366
27.198114
27.223745
27.311152
28.251393
27.443527
27.369307
27.576155
27.644672
27.235986
27.217659
27.998853
27.347966
27.445344
27.410218
30.02375
27.52699
27.203034
27.074014
27.126652
27.582437
27.410558
27.395525
27.207278
27.079229
27.168624
27.494357
27.273278
30.189289
27.042215
30.618963
30.666393
27.886564
28.581331
27.863167
31.110455
27.490839
26.979209
27.361284
30.425888
27.470197
27.774867
30.439537
27.295751
27.531129
27.347045
30.215029
27.61101
30.161022
26.974602
27.633611
30.100645
27.309299
27.275758
27.467526
27.313769
27.939461
30.546617
30.400887
27.380132
27.449901
27.541855
26.972186
27.321473
27.348879
27.24608
30.539837
27.462424
30.776599
27.605707
27.262526
30.390456
36.388628
30.234503
27.206634
35.875934
30.031516
27.659401
27.283633
27.276505
30.165184
27.347772
30.140028
27.336246
27.608791
27.529965
27.14559
27.371645
27.859128
27.16772
27.494672
26.961765
30.165001
26.987826
27.403711
30.034839
27.608429
27.601432
27.457772
27.193845
30.247973
27.188074
27.01132
27.228335
27.450744
27.240172
27.494199
30.457033
27.127715
27.678393
27.543778
27.460885
30.210696
27.540215
27.302852
28.600972
27.242663
27.230647
27.597859
27.153121
27.397262
27.074223
27.618808
27.630698
30.455438
27.684822
30.971235
27.348003
30.384708
27.074553
27.475175
27.206853
27.412874
27.478631
27.135771
27.073777
26.843141
27.57755
30.984106
28.030278
27.264038
27.144588
26.961663
27.784478
27.456579
27.484577
27.192718
27.424697
27.343535
31.008237
27.501212
27.390152
30.239867
27.368615
27.368793
27.660068
27.348103
30.06736
27.381085
27.536516
27.375126
27.035691
27.752355
27.661065
27.023354
27.135788
27.809567
27.184166
30.100973
27.115461
26.955068
27.26539
27.230632
30.191136
27.618597
27.328591
27.701152
27.649102
27.179986
27.047721
27.621212
27.294767
27.224552
27.315331
27.329739
26.935503
30.070561
27.220997
30.188714
27.240624
27.470533
26.890371
27.204901
27.159005
27.277806
27.385901
27.212493
28.060829
30.264631
27.439942
30.397332
36.448286
27.102699
27.286003
27.458146
27.156384
27.844275
27.626053
27.972739
30.255804
26.969826
27.562909
27.528367
27.395752
27.873519
27.049322
27.143039
27.278813
30.319925
30.66201
27.306412
27.318497
30.737762
27.431971
27.223259
27.233685
27.115265
27.630374
30.352219
27.539632
27.55183
27.450917
27.579912
30.178393
27.128692
27.831647
27.012482
27.461191
27.635734
27.286377
27.242494
27.085017
27.430393
27.162778
27.2162
27.301104
27.298301
31.412243
27.518835
27.395403
27.099958
28.498961
27.413957
27.416231
27.999161
28.089797
27.594382
28.032774
27.264432
27.443752
27.312949
27.635762
27.332124
27.865778
27.519588
27.338111
24.629937
27.318652
27.608157
27.619197
27.051981
27.056907
30.331845
27.577455
27.191272
27.809882
27.461724
27.109526
27.00719
26.992799
27.730682
27.579661
36.346019
27.192768
29.996308
27.789795
27.498128
27.433269
27.35919
27.26559
30.668621
27.242672
27.532831
27.38308
27.147292
27.40387
27.569976
30.135475
27.275128
30.018144
27.156164
26.965505
27.094398
27.602233
27.303227
27.278459
27.90419
27.794084
26.911091
27.45584
27.141672
27.305732
27.874767
27.469293
27.517517
27.384812
27.13937
27.411813
27.288554
27.296902
27.526356
