6e-06
6e-06
7e-06
6e-06
7e-06
6e-06
7e-06
7e-06
7e-06
6e-06
7e-06
6e-06
7e-06
7e-06
7e-06
0.001959
0.002088
0.002248
0.002343
0.002441
0.002549
0.003772
0.002725
0.002848
0.002901
0.003028
0.003109
0.00321
0.003301
0.003404
0.003515
0.003598
0.003696
0.003814
0.003911
0.004007
0.004107
0.004189
0.004276
0.005931
0.004439
0.005976
0.004629
0.006299
0.004804
0.006452
0.005018
0.006545
0.00516
0.006815
0.005412
0.007057
0.005557
0.007158
0.005744
0.007387
0.005878
0.005896
0.005997
0.007783
0.006228
0.006259
0.007973
0.006472
0.008021
0.006782
0.008457
0.00697
0.007008
0.007041
0.008775
0.007246
0.007454
0.007468
0.007476
0.00738
0.007434
0.007556
0.007625
0.007839
0.007735
0.007797
0.007954
0.007932
0.008397
0.00826
0.008443
0.008563
0.008789
0.008653
0.00882
0.008907
0.008803
0.009235
0.008717
0.008881
0.009247
0.009101
0.009285
0.009162
0.009277
0.009334
0.00952
0.009485
0.009642
0.009749
0.009677
0.00969
0.009949
0.009831
0.009931
0.010173
0.010206
0.010145
0.010563
0.010242
0.010575
0.010778
0.010829
0.010897
0.010933
0.011338
0.010918
0.01119
0.011312
0.011465
0.011479
0.011508
0.011582
0.011504
0.012051
0.011658
0.012167
0.011865
0.011765
0.012058
0.012563
0.012382
0.012328
0.012395
0.012902
0.012332
0.01282
0.01314
0.013027
0.013289
0.01313
0.012898
0.013024
0.012933
0.01304
0.013304
0.013336
0.013233
0.013325
0.013337
0.013377
0.013537
0.013447
0.013803
0.013832
0.013777
0.013822
0.014096
0.013905
0.013923
0.014228
0.014017
0.014212
0.014275
0.01455
0.014433
0.014375
0.014775
0.01495
0.014647
0.014771
0.014581
0.015024
0.014917
0.014982
0.015062
0.015168
0.015198
0.015194
0.015991
0.015546
0.016358
0.015443
0.015579
0.015689
0.015887
0.015878
0.016299
0.016058
0.016022
0.016156
0.01621
0.016275
0.016167
0.01648
0.01695
0.016734
0.01728
0.016474
0.016691
0.016958
0.016782
0.016888
0.017264
0.017363
0.018077
0.017382
0.017077
0.017323
0.017818
0.017661
0.017687
0.017935
0.018264
0.018188
0.017936
0.018335
0.017996
0.01791
0.018092
0.018477
0.018066
0.018232
0.018191
0.018198
0.018571
0.018343
0.018382
0.018595
0.018438
0.018717
0.018926
0.018869
0.018812
0.019219
0.019574
0.019326
0.019034
0.018862
0.019209
0.019568
0.019415
0.019326
0.019202
0.019524
0.019623
0.019766
0.019555
0.01972
0.019506
0.019708
0.020249
0.020183
0.020237
0.020741
0.020832
0.021019
0.021031
0.021187
0.021006
0.02066
0.020815
0.02076
0.021022
0.020776
0.021275
0.020962
0.021507
0.020892
0.020792
0.021484
0.021298
0.021499
0.021283
0.021305
0.022224
0.022323
0.022405
0.022084
0.022011
0.022371
0.0225
0.021995
0.021875
0.022198
0.022091
0.022026
0.022102
0.022765
0.022237
0.022846
0.022699
0.02261
0.022665
0.022469
0.022627
0.024017
0.023384
0.023989
0.023027
0.024365
0.023976
0.023345
0.02346
0.023155
0.023358
0.023426
0.023588
0.02368
0.024406
0.023975
0.02392
0.0238
0.02357
0.024169
0.02451
0.023938
0.024502
0.025629
0.025039
0.024535
0.025159
0.025122
0.024895
0.024475
0.024497
0.024829
0.025361
0.024867
0.024806
0.024681
0.02499
0.025046
0.025228
0.025469
0.025445
0.025123
0.025259
0.026396
0.026557
0.026793
0.026276
0.026863
0.026748
0.026119
0.026174
0.026697
0.026368
0.026291
0.025964
0.025915
0.025893
0.026219
0.026409
0.026723
0.026437
0.027842
0.026702
0.026663
0.027719
0.027478
0.027762
0.027243
0.028869
0.027732
0.026831
0.027168
0.027261
0.027162
0.027346
0.02744
0.027168
0.027103
0.027776
0.027427
0.027715
0.027392
0.027876
0.027843
0.029166
0.029004
0.029265
0.028628
0.029592
0.030196
0.028181
0.028418
0.02849
0.028712
0.028538
0.028774
0.028561
0.02898
0.028648
0.028829
0.028903
0.029476
0.029269
0.029194
0.030588
0.030242
0.031185
0.030651
0.031405
0.030472
0.047094
0.029881
0.029743
0.029913
0.029988
0.029684
0.030189
0.030209
0.030039
0.030253
0.030358
0.031408
0.030385
0.030842
0.031895
0.031852
0.032019
0.032592
0.032843
0.031511
0.030929
0.03076
0.030625
0.030822
0.031034
0.031138
0.031458
0.031156
0.031249
0.031452
0.031304
0.031936
0.031773
0.033548
0.033448
0.034029
0.033757
0.034443
0.033927
0.032052
0.031967
0.032245
0.032616
0.032263
0.032487
0.032244
0.032399
0.032763
0.033053
0.033215
0.032977
0.032982
0.033617
0.034932
0.03621
0.034192
0.035536
0.035642
0.035103
0.033166
0.033261
0.033282
0.033436
0.033437
0.033513
0.033494
0.033715
0.033727
0.034115
0.034221
0.033961
0.0339
0.036746
0.036383
0.036861
0.035366
0.036793
0.036217
0.034277
0.036436
0.035649
0.034859
0.034692
0.034558
0.034802
0.034719
0.035032
0.034887
0.035671
