6e-06
6e-06
7e-06
6e-06
6e-06
6e-06
6e-06
6e-06
7e-06
7e-06
7e-06
6e-06
7e-06
6e-06
7e-06
1.357391
1.125456
1.392037
1.359318
1.393681
1.230208
1.331469
1.508635
1.387305
1.623194
1.301676
1.598242
1.479898
1.480693
1.623998
1.656863
1.782899
1.39926
1.891375
1.702781
1.467388
1.814777
1.684812
1.639076
1.811454
1.887925
1.883785
1.762586
1.696355
2.060098
1.841574
1.846181
1.864435
1.612229
2.126618
1.784164
2.135826
1.806944
2.088565
1.956542
2.15505
2.112616
1.920802
2.117333
1.965849
1.889668
2.220565
2.152533
1.940863
2.079097
2.312338
1.961296
2.321112
2.007498
2.149961
2.103471
2.232748
2.30903
2.199993
2.173431
2.395533
2.023504
2.311546
2.43631
2.055195
2.303425
2.381797
2.22056
2.442895
2.315713
2.363185
2.149615
2.26779
2.464638
2.356358
2.421494
2.453179
2.503869
2.265348
2.444398
2.484971
2.531635
2.312462
2.217132
2.493288
2.802731
2.306978
2.414336
2.602766
2.462601
2.62705
2.483599
2.707085
2.312584
2.701336
2.585042
2.334296
2.736065
2.35976
2.445546
2.621282
2.613383
2.579597
2.63142
2.407694
2.595479
2.331784
2.91955
2.391036
2.598339
2.674549
2.471258
2.374229
2.678521
2.791303
2.40577
2.800187
2.403258
2.557027
2.496051
2.650692
2.775103
2.678911
2.438825
2.61935
2.606774
2.549605
2.945293
2.417994
2.732143
2.868039
2.509835
2.406858
2.526575
2.921155
2.412574
2.506186
2.928254
2.724989
2.5185
2.750921
2.511321
2.741242
2.476836
2.604169
2.743254
2.780137
2.764843
2.880424
2.876848
2.659158
3.066253
2.829466
2.798052
3.04038
2.578938
2.876361
3.224218
2.674359
2.810916
3.085026
2.640765
2.748723
3.077974
3.115193
2.708575
2.810671
3.159761
3.156731
2.714399
3.083466
2.856438
3.264128
2.977772
2.917593
3.091014
3.199067
2.711499
3.243029
3.273364
2.758662
2.882117
3.238758
2.869175
3.172474
3.049058
3.373391
2.81425
2.947389
3.130121
2.939825
3.097845
2.888435
3.067701
3.136193
2.978996
2.972374
2.94961
2.846354
3.234935
2.905934
3.072924
3.133947
2.949015
3.220791
2.782793
2.894957
3.050188
3.326395
2.748907
3.141144
2.953694
2.87001
3.296077
3.066423
2.777102
3.232623
2.809827
2.898345
3.273808
3.302972
2.852592
3.3158
2.85649
3.211171
3.002384
3.436602
3.164114
3.215561
3.259294
2.938966
3.071755
3.477787
3.202478
3.176577
3.375625
3.115573
3.461983
3.338834
3.348709
3.444434
3.179372
3.409561
3.191144
3.392984
3.478968
3.217193
3.711332
3.048159
3.551109
3.056881
3.417535
3.622137
3.297364
3.538528
3.2329
3.50757
3.685282
3.404685
3.413546
3.077833
3.472867
3.584007
3.470095
3.137605
3.587849
3.364437
3.616178
3.414861
3.379378
3.627282
3.426257
3.640903
3.409577
3.324211
3.460775
3.651211
3.450091
3.748029
3.334536
4.032931
3.221905
3.827649
3.435991
3.7799
3.707146
3.80982
3.48753
3.659351
3.714761
3.747003
3.83546
3.260527
3.723973
4.11121
3.706125
3.303749
4.018047
3.34777
3.65147
3.838022
4.049593
3.659839
3.662318
3.614331
3.84645
3.699912
3.313196
3.820103
3.960887
3.551174
3.987975
3.579097
4.136628
3.747463
3.345766
3.86935
4.179327
3.668807
3.766248
4.238028
3.762891
3.71862
3.961326
3.652311
3.919554
4.318832
3.41571
4.222498
3.663737
3.947661
4.201396
3.782419
3.686449
4.151918
3.635059
3.953358
4.292648
3.820843
3.837135
3.421357
4.424038
3.447684
4.177327
3.803815
3.776184
3.660376
4.332903
3.816272
3.765271
3.913708
4.013678
3.774475
4.060781
3.865882
3.833594
3.887104
3.492581
3.908348
3.918642
4.068075
4.230579
3.762337
4.223042
3.81777
3.95588
4.224775
4.095328
3.768925
4.154423
3.929835
4.480099
3.528238
4.512646
3.556003
4.433467
3.811732
4.256296
4.053892
4.050472
4.217206
4.379059
3.912775
4.440312
4.030187
4.068887
4.068512
3.659539
4.336348
4.121944
4.240085
4.036863
4.034083
3.950703
4.256399
4.00585
3.848584
4.520746
3.96884
4.387584
4.164917
4.666549
4.125234
4.059521
4.386732
4.104971
4.016317
4.144362
4.630497
3.98325
4.332839
4.257943
4.543578
4.574948
4.123843
4.005788
4.339957
4.436411
4.226658
4.607989
3.727869
4.294061
4.529186
4.244379
4.536546
3.9625
4.666988
4.016542
4.537077
4.548612
4.129879
4.279091
4.642209
4.179328
4.548091
3.832416
4.708321
4.516253
4.141104
4.319991
4.580189
4.534362
4.229403
4.412866
4.574532
4.29729
4.225333
4.497579
4.121656
4.893078
4.346466
4.363185
4.352473
3.855725
4.606055
4.654371
4.446747
4.422475
4.429561
4.383075
4.659163
4.706333
4.361673
4.759909
4.420898
4.75032
4.269314
4.49044
4.20936
4.678988
4.518387
4.597102
4.606176
4.55055
4.917006
4.394946
4.327472
4.786749
4.221418
4.891205
4.208086
4.905419
4.551104
4.798026
4.72206
