1.2e-05
7e-06
7e-06
8e-06
8e-06
7e-06
8e-06
7e-06
7e-06
7e-06
7e-06
6e-06
7e-06
8e-06
8e-06
8e-06
8e-06
7e-06
7e-06
8e-06
8e-06
8e-06
8e-06
8e-06
8e-06
8e-06
8e-06
9e-06
7e-06
8e-06
8e-06
8e-06
8e-06
9e-06
8e-06
8e-06
8e-06
9e-06
9e-06
8e-06
6e-06
7e-06
8e-06
7e-06
8e-06
7e-06
8e-06
6e-06
7e-06
7e-06
7e-06
7e-06
7e-06
6e-06
7e-06
7e-06
8e-06
7e-06
8e-06
8e-06
7e-06
0.008555
0.008656
0.008851
0.009024
0.009017
0.009163
0.009244
0.009365
0.009507
0.009729
0.009772
0.010166
0.010388
0.010018
0.010153
0.010148
0.010389
0.01109
0.010621
0.010919
0.0115
0.119422
0.0113
0.011635
0.01153
0.011423
0.011625
0.011694
0.012009
0.01196
0.012056
0.012145
0.01252
0.012538
0.013238
0.012649
0.012921
0.013072
0.013483
0.013047
0.014226
0.013373
0.013714
0.013634
0.013689
0.013639
0.013975
0.014258
0.014133
0.014447
0.01428
0.014423
0.015354
0.014603
0.014763
0.015263
0.01519
0.015482
0.015464
0.01542
0.01578
0.015416
0.015908
0.015873
0.016005
0.016203
0.016187
0.016355
0.01665
0.016561
0.01695
0.016962
0.017146
0.017092
0.017111
0.017646
0.017571
0.017839
0.01914
0.017792
0.018094
0.018266
0.018053
0.018204
0.018144
0.018318
0.018324
0.018377
0.018658
0.019939
0.018807
0.019291
0.018878
0.019568
0.020013
0.019807
0.019576
0.020093
0.019983
0.020274
0.019619
0.0202
0.020455
0.020285
0.020217
0.02056
0.020948
0.020816
0.020663
0.020872
0.021429
0.021837
0.021002
0.021497
0.021981
0.022481
0.022235
0.022094
0.022116
0.022631
0.02225
0.022244
0.021937
0.028385
0.022216
0.022261
0.022523
0.022755
0.022679
0.02295
0.023202
0.023152
0.023305
0.023393
0.023133
0.02346
0.024331
0.024384
0.024809
0.024317
0.02532
0.024937
0.024146
0.025077
0.024379
0.024661
0.024752
0.024653
0.025071
0.024918
0.025107
0.025334
0.02537
0.025654
0.025423
0.025554
0.025686
0.027217
0.026864
0.026846
0.027628
0.027663
0.027567
0.026277
0.026587
0.026708
0.02705
0.027082
0.027136
0.027054
0.026982
0.027915
0.027716
0.027587
0.027816
0.027872
0.027423
0.028932
0.030058
0.029859
0.029269
0.030303
0.029736
0.028499
0.028511
0.028946
0.028751
0.028926
0.029246
0.029329
0.029265
0.028871
0.028962
0.029877
0.029769
0.029952
0.0302
0.030069
0.031638
0.032019
0.031195
0.031863
0.031571
0.032507
0.031153
0.031155
0.030774
0.031125
0.031123
0.031338
0.031296
0.031594
0.031565
0.031383
0.031195
0.031702
0.032378
0.032826
0.034323
0.034582
0.035254
0.036041
0.035528
0.033156
0.032286
0.032524
0.03275
0.033269
0.032729
0.033001
0.033373
0.032794
0.03323
0.033613
0.034348
0.033706
0.034355
0.035987
0.036766
0.035551
0.036878
0.040106
0.034715
0.0346
0.034676
0.034805
0.034351
0.035699
0.034582
0.035044
0.035001
0.035527
0.035571
0.035769
0.035634
0.037209
0.038445
0.038277
0.037635
0.03982
0.038703
0.038309
0.036881
0.036475
0.036529
0.039983
0.036259
0.03678
0.037707
0.036883
0.037141
0.037438
0.037479
0.037498
0.037921
0.040788
0.041752
0.040386
0.04164
0.041607
0.039149
0.038009
0.03822
0.038602
0.038966
0.039161
0.039372
0.039054
0.039022
0.039384
0.039398
0.039293
0.039533
0.043717
0.044088
0.044093
0.044269
0.043262
0.042668
0.040844
0.041123
0.040676
0.040912
0.04075
0.040739
0.041303
0.046144
0.041114
0.041436
0.04129
0.041674
0.045151
0.045148
0.045852
0.045904
0.045008
0.043873
0.042082
0.043113
0.042871
0.042928
0.042747
0.043843
0.04298
0.043142
0.043672
0.043123
0.043378
0.044144
0.046725
0.047567
0.047203
0.048404
0.048368
0.044455
0.044654
0.045209
0.04429
0.044745
0.044646
0.045361
0.044807
0.046777
0.044819
0.045619
0.046048
0.04925
0.04987
0.048992
0.051899
0.051102
0.048131
0.045998
0.045898
0.047472
0.046163
0.046899
0.047229
0.04633
0.046831
0.047077
0.046555
0.047191
0.052535
0.051216
0.051915
0.055191
0.05437
0.047806
0.047908
0.047427
0.048014
0.048679
0.048186
0.048326
0.048267
0.048603
0.049652
0.050157
0.049904
0.054797
0.056333
0.05309
0.056532
0.05611
0.049998
0.049992
0.049622
0.049995
0.050153
0.050486
0.049908
0.050812
0.050968
0.051166
0.050964
0.051787
0.05671
0.056741
0.055773
0.057119
0.057094
0.054328
0.05167
0.052314
0.051721
0.052609
0.052827
0.052839
0.051986
0.052682
0.053232
0.05267
0.053613
0.057512
0.05963
0.058414
0.059103
0.05917
0.05891
0.055116
0.054376
0.054257
0.054005
0.055489
0.054318
0.054458
0.054031
0.055068
0.05462
0.061693
0.059947
0.060759
0.062496
0.061629
0.055375
0.05551
0.056573
0.055867
