0.935135
1.659105
1.964870
0.833499
1.008244
0.624102
0.576569
0.450468
3.123155
0.306840
0.569533
0.763327
1.311330
1.848090
1.014893
1.045056
1.612701
0.681849
0.477134
1.439141
0.476276
0.948601
0.737306
2.331009
0.446367
1.096171
1.922180
0.396145
0.512497
0.838611
2.683097
1.031114
1.191704
1.257678
0.421986
1.265525
0.640565
1.105683
4.510707
0.692227
0.417932
1.187458
1.042628
0.690909
0.912026
1.015830
0.675942
7.559202
0.874680
1.911345
0.786898
0.881315
1.017818
0.760568
0.838498
2.784215
1.266020
1.610036
1.235367
0.997203
1.698410
1.940719
1.453801
1.229939
1.209933
1.277011
1.921275
0.565859
0.958095
2.766871
2.660870
0.538018
0.740929
1.192629
1.016874
1.006347
0.601418
0.914286
0.713751
0.227731
0.685597
6.080492
1.229745
1.989345
0.705389
0.570906
1.262473
0.943767
1.938719
3.773554
0.768845
1.842605
0.993302
0.927827
0.445995
0.739891
2.310486
0.841201
1.915569
0.579201
10.345825
0.712835
1.010121
0.566063
3.712713
4.368231
0.996825
0.792774
3.569439
0.919677
0.877821
0.677364
0.474742
0.939269
0.742888
1.193443
0.586304
0.709903
1.198933
3.153395
0.832835
0.931607
0.677139
0.606143
3.662179
0.701420
1.510143
0.634626
0.448618
1.519294
1.772416
0.690458
0.818564
0.663499
1.332154
2.407426
0.525475
0.759103
3.281862
1.997495
2.038542
0.488993
0.948690
0.866051
1.329289
0.626607
5.725297
0.883475
1.027006
2.007908
0.485866
4.029735
0.884876
1.141783
1.302480
1.428069
1.145704
0.908975
0.747964
1.426983
0.431463
0.540891
1.421398
0.625812
0.873202
0.823195
3.062632
0.587622
4.658414
0.413524
0.609071
0.986113
0.757020
1.326589
0.743273
1.131903
5.926606
3.996475
1.913402
0.318575
0.735439
1.897611
0.632145
1.210725
2.104716
0.322266
0.744553
5.643046
0.456952
0.562981
3.003310
1.368359
1.929782
1.231557
0.505316
0.587947
0.984043
1.546667
1.947701
0.952860
1.675179
1.007926
1.191476
0.411545
1.178423
1.648890
1.093286
0.778464
0.560791
0.647039
0.410190
1.637837
3.456534
2.782344
1.941529
0.808794
1.206007
1.981304
0.376973
0.439312
1.387226
1.175127
1.993447
0.523047
1.069853
0.668254
1.302705
1.505620
2.889844
0.596304
3.621917
2.122116
2.050842
0.903554
0.650043
2.234045
0.429345
0.712448
1.398288
2.990479
1.575268
2.329039
1.109647
2.491098
2.760178
0.394521
0.427209
0.587409
1.399986
1.223091
0.897568
0.696912
0.647277
1.993723
1.279856
1.103349
0.478572
0.811446
0.580076
1.973999
0.659672
1.531420
0.808910
1.293656
15.994089
0.408118
0.986821
1.904985
0.672175
11.555948
0.586214
0.456734
2.326337
3.441386
0.985807
1.695820
1.730726
0.659468
0.589063
0.895357
0.701195
1.991280
1.023433
1.819644
0.986276
0.565220
0.257518
0.428864
0.914410
1.146635
1.159234
1.897645
1.894674
0.783341
0.261844
0.425498
0.428663
1.512379
0.616523
0.528097
1.174330
5.138945
0.365040
0.342240
0.644786
1.765296
1.483764
0.707077
0.873621
1.671093
1.320395
0.846966
0.485954
3.134320
0.762895
0.559079
0.793320
2.205464
2.269395
0.835921
1.132940
1.001463
0.938052
3.090314
0.933842
0.700834
0.573608
1.688218
0.781761
1.004634
0.626827
1.096881
0.591209
2.728221
1.466617
0.839324
2.013148
2.992191
0.391086
1.261903
7.703215
0.733641
0.370768
0.491773
0.848707
3.355142
1.447601
0.770584
1.633860
1.743883
1.568448
0.780461
0.819578
1.416197
0.408254
1.282108
0.597036
2.523608
2.378069
0.894584
2.554483
2.259813
0.828003
0.808315
3.632301
0.668451
1.667487
1.092633
1.033368
1.745772
0.953296
1.245415
1.322211
1.184303
0.670507
1.351388
0.431477
3.099308
1.276825
0.646447
0.705506
1.156228
1.431048
0.715827
1.025855
0.793718
3.518389
0.933762
0.766922
1.070087
1.835581
0.933693
1.528986
0.730478
1.156597
5.144189
0.463282
0.666314
1.059954
1.951978
0.981954
0.978758
1.191489
0.657853
1.668340
0.419901
9.643975
0.764220
1.396979
2.853369
0.542130
0.617132
0.625890
2.118603
0.557545
0.347051
1.452940
1.390459
3.615702
2.518754
1.847706
3.420870
0.784183
1.097255
0.761410
0.803452
1.584609
0.568822
0.876256
4.857640
0.864110
0.551700
11.195328
0.779270
1.083121
0.796348
0.475462
0.729522
0.577704
0.769475
1.398827
1.100191
0.675266
1.308556
1.497121
2.649160
0.994713
0.436643
3.681465
0.961183
0.650175
0.432806
0.621768
1.030669
4.730337
0.972465
3.557916
1.102337
0.503042
0.452485
1.972380
0.885512
4.682579
0.685914
0.716133
0.819314
4.663469
1.045984
1.023625
0.456498
1.052964
0.471275
0.877886
3.609449
1.923891
0.869409
1.306629
1.626500
0.442969
1.026980
0.658094
1.276555
0.510279
2.580083
0.883624
1.126923
0.610274
1.785549
1.088389
0.515740
0.419684
0.739992
1.008641
1.117615
4.416081
1.034628
0.412143
0.569227
0.600849
0.741709
