5.304502
4.741991
4.665324
4.918675
5.112794
4.919339
4.455253
4.938187
5.664245
4.558552
5.1838
5.406569
5.110018
4.66891
5.379165
4.853639
5.757259
4.697086
5.406451
5.34085
5.115958
5.469883
4.854924
5.436438
5.212636
5.147736
5.461574
5.066124
5.413863
5.509627
5.243062
5.943513
4.856028
5.63785
5.441297
4.96747
5.562147
5.854759
5.471554
5.568577
5.084655
5.441548
5.71919
5.488973
5.641072
5.848514
5.255525
5.67734
5.914028
5.348899
5.679959
5.748179
6.176072
5.350558
6.294849
5.21806
5.583672
6.141807
5.859873
5.478458
6.108968
6.088264
6.333292
5.391127
6.097755
5.93204
5.931254
5.769266
6.493398
6.058154
5.690502
6.113891
6.153862
6.517949
5.48784
6.295584
6.426722
5.940478
6.180182
6.246716
6.42539
5.599742
6.180474
6.748916
6.407993
5.55465
6.923058
6.13501
6.478263
6.220458
6.07638
6.672594
5.960646
7.091741
6.232805
6.501929
6.601713
6.150416
6.96207
6.540475
6.562959
6.441053
6.689281
6.84544
6.100292
7.517144
5.905754
6.877184
6.643665
7.031392
6.578346
6.977248
6.933406
6.694594
6.083117
7.189974
7.150026
6.00359
7.73588
6.110786
7.610807
6.73317
6.06408
7.121901
7.796104
6.875479
6.175981
7.177216
7.341341
6.884613
7.821998
6.842701
7.240992
6.867943
7.272305
6.741589
7.426031
7.256099
7.581113
6.94371
8.019377
7.108705
7.047748
6.716213
7.956858
7.240056
7.396399
6.838434
7.799074
7.026377
7.12909
7.932882
6.452699
8.29197
7.255128
7.231231
7.042051
7.757115
7.160887
7.316317
7.823231
7.320705
7.114449
7.236286
7.989608
7.602913
7.023255
7.864971
7.859322
7.146763
7.73778
7.317531
7.999843
7.147273
7.786209
7.796975
7.31729
8.449614
7.731503
7.332868
7.507744
7.829439
8.119237
6.855033
8.389544
7.371699
7.466425
8.139147
7.661514
8.097944
7.44746
7.899627
7.553199
7.198634
7.942872
8.277851
7.6651
8.385888
7.779979
8.371895
8.198919
7.785392
7.780603
7.51439
7.974157
8.044742
8.217222
8.498157
8.148061
8.430765
8.566007
8.236334
7.652393
7.991088
8.984467
7.616344
8.838339
7.539218
9.007628
8.345071
8.043367
7.838106
8.531253
7.607086
8.997084
8.203491
7.945372
8.772244
8.480242
8.069887
8.348173
8.665594
9.046057
8.125984
8.918726
7.788953
8.731612
9.121286
7.799289
9.1806
8.177239
8.181305
7.994602
8.755444
8.126016
8.47093
7.905796
8.993854
8.710921
8.247377
8.021021
8.95579
8.498448
8.46781
8.194097
9.194602
8.342634
8.738632
9.122005
8.808622
8.374415
9.486759
8.349815
8.844856
8.435461
8.108671
9.13454
9.035211
8.358785
8.348958
9.138144
8.944312
8.789661
9.605924
8.194353
9.138234
9.168488
8.464426
8.107932
9.086759
9.664791
8.292279
9.07357
8.638245
9.889307
8.59153
8.249738
9.007086
9.667164
8.329785
9.501385
8.311385
9.540621
8.739105
8.986053
8.913772
9.346622
9.20118
8.941821
9.068864
8.573499
8.574207
9.612002
9.019063
8.657308
9.030174
9.282272
8.572838
9.689633
8.956996
8.63012
9.238412
8.260901
8.827087
9.609763
8.382611
8.608796
9.105733
8.953179
8.771549
9.331483
8.764186
8.682207
8.784024
8.724131
9.286014
8.96218
8.570023
8.105999
9.715934
8.440107
9.286807
8.859774
8.512556
9.1638
9.554846
8.515134
9.331137
8.510839
9.745039
8.749288
9.457389
9.140236
10.307115
9.626302
9.336907
10.061774
9.322483
8.833854
9.142295
9.847689
10.381321
8.962624
9.828808
10.206174
9.776657
9.957529
9.733449
9.114236
10.329709
9.227039
9.898965
9.419034
10.007757
9.504181
10.200984
9.791637
9.585982
10.338282
9.464703
9.698554
9.340683
10.006905
9.517939
10.828975
9.544541
9.365662
9.533985
9.951222
8.720498
9.670532
10.010796
10.159431
8.971843
9.845232
9.140801
8.661853
10.823237
9.370259
10.430099
8.96789
9.553457
9.440848
10.315886
10.441288
9.250095
9.182604
10.333994
8.89576
10.337419
10.142764
9.57899
8.85415
9.739659
10.151908
10.258838
9.535513
8.727489
10.681035
9.209136
10.017676
10.05159
9.579155
10.571668
9.501871
10.267986
10.630785
9.626453
9.804179
10.408307
9.552627
9.545081
9.241447
10.168623
10.084708
9.31411
8.951095
10.326774
10.540246
10.226769
9.338417
9.864339
10.590633
8.976665
11.211335
9.351308
10.132318
9.262142
11.071238
