0.139212
0.042332
0.162615
0.06513
0.18444
0.205177
0.221526
0.223037
0.237735
0.245323
0.379404
0.278936
0.289351
0.294326
0.423797
0.312877
0.436844
0.325216
0.448638
0.48894
0.348497
0.472998
0.499132
0.370003
0.511645
0.525565
0.394184
0.518025
0.540651
0.56736
0.416233
0.535017
0.544888
0.562034
0.561272
0.550065
0.549256
0.710463
0.457484
0.564615
0.560145
0.718857
0.475566
0.571842
0.572492
0.574066
0.580793
0.571081
0.568702
0.572811
0.588165
0.586007
0.583024
0.582167
0.614302
0.61008
0.468349
0.576528
0.586648
0.752322
0.48022
0.610212
0.620663
0.63646
0.637555
0.485125
0.616769
0.623267
0.61998
0.647168
0.505832
0.630361
0.622322
0.629174
0.654518
0.512561
0.629917
0.649618
0.509183
0.652507
0.662698
0.666041
0.515866
0.654728
0.659004
0.666526
0.526967
0.674342
0.667203
0.515005
0.651705
0.659838
0.6679
0.525272
0.653401
0.662089
0.809378
0.549167
0.685264
0.673706
0.669352
0.680005
0.696649
0.673219
0.677885
0.697675
0.708433
0.547087
0.657241
0.848875
0.555386
0.678943
0.68741
0.710469
0.705585
0.552675
0.846122
0.569745
0.700505
0.706117
0.736525
0.710925
0.725887
0.739471
0.583063
0.682668
0.838498
0.588094
0.694128
0.848398
0.590401
0.714216
0.689927
0.854913
0.603051
0.707074
0.860898
0.601935
0.716893
0.86354
0.600808
0.746922
0.735571
0.743462
0.768985
0.599874
0.704782
0.881594
0.621771
0.894799
0.616349
0.754714
0.738456
0.896304
0.634471
0.755668
0.895598
0.624784
0.768262
0.911826
0.635383
0.778387
0.939089
0.830573
0.680047
0.93294
0.824681
0.850301
0.829077
0.836842
0.862475
0.671498
0.941074
0.859009
0.849016
0.849416
0.688709
0.98239
0.865035
0.906407
0.892555
0.894142
0.728167
0.994633
0.873727
0.886249
1.011803
0.9118
0.929226
0.912157
0.93647
0.739844
0.996315
0.880262
1.036803
0.908792
0.932491
0.903337
0.901202
0.926903
0.897679
1.088951
0.960272
0.937047
0.928896
1.046127
1.07623
0.95009
1.093856
0.947302
0.93964
0.93204
0.948735
0.924252
0.907008
0.917938
1.04498
0.94442
0.95682
0.927771
0.941086
0.910084
1.060386
0.956221
1.091207
0.971093
0.963718
1.112735
1.005864
0.959712
1.134123
0.999962
0.978872
0.963162
1.115725
0.986746
0.975822
1.12483
1.028084
1.006147
1.001051
1.017996
0.988734
0.972847
1.10812
0.992695
0.99911
0.966946
1.155617
1.016819
1.013482
1.014803
0.979004
1.168371
1.01522
1.185298
1.054324
1.015097
1.021579
0.980832
1.148544
1.032447
1.002805
0.999528
0.961438
1.100699
1.17689
1.01118
1.14572
0.980921
1.127702
1.192704
0.996135
1.189503
0.996927
1.160233
1.197653
1.05552
1.041114
1.016701
1.213229
1.032699
1.02471
1.231958
1.053243
1.0161
1.128529
1.219571
1.043416
1.015256
1.177595
1.153172
1.232748
1.05471
1.050164
1.23205
1.058077
1.21333
1.051127
1.048099
1.143793
1.205379
1.01937
1.160478
1.212826
1.028626
1.193983
1.177163
1.230875
1.047988
1.189821
1.232685
1.063719
1.237983
1.063791
1.261355
1.083934
1.061635
1.183861
1.210093
1.218012
1.037408
1.186153
1.180705
1.236231
1.252904
1.135391
1.248331
1.33528
1.13522
1.301607
1.322755
1.13028
1.288526
1.283494
1.327794
1.132286
1.303581
1.318155
1.158041
1.319339
1.291944
1.31467
1.167684
1.284914
1.125379
1.257053
1.298229
1.355121
1.174136
1.120859
1.285618
1.504376
1.175677
1.338919
1.171339
1.149925
1.491225
1.193841
1.347154
1.177464
1.285268
1.353553
1.183006
1.329665
1.154347
1.321053
1.135119
1.340829
1.160715
1.157692
1.304789
1.146926
1.319824
1.341907
1.140515
1.488897
1.199769
1.391102
1.205863
1.349135
1.174404
1.295344
1.30779
1.289438
1.340138
1.372478
1.203997
1.309385
1.367433
1.141301
1.507184
1.192017
1.417435
1.190768
1.384083
1.188372
1.39202
1.194464
1.183893
1.520944
1.241254
1.31455
1.573322
1.222388
1.390281
1.377695
1.444852
1.202018
1.344158
1.534315
1.235169
1.341609
1.366788
1.353273
1.366659
1.364354
1.366116
1.397038
1.194752
1.324883
1.365709
1.395016
1.214322
1.356469
1.182689
1.275795
1.300058
1.521358
1.240614
1.415593
1.234716
1.403683
1.250018
1.39626
1.212739
1.330669
1.353343
1.362841
1.19468
1.297436
1.324204
1.306075
1.345595
1.345194
1.410872
1.424981
1.242935
1.405654
1.202644
1.541353
1.225842
1.405024
1.216812
1.353529
1.387014
1.426517
1.236511
1.425352
1.252589
1.433478
1.24337
1.380691
1.397353
1.569029
1.246012
1.436709
1.212681
1.60129
1.235263
1.396611
1.377018
1.420738
1.403686
1.461093
1.469726
1.28009
1.589006
1.488705
1.213938
1.5989
1.237848
1.605969
1.440799
1.436701
1.249948
1.580887
1.503377
1.278439
1.43053
1.563144
1.261077
1.384252
1.426268
1.416427
1.599675
1.264727
1.395697
1.652391
1.292209
